Hola
	1561775507.22
0
	1561775507.22
Hola
	1561775507.73
1
	1561775507.73
Hola
	1561775508.23
2
	1561775508.23
Hola
	1561775508.73
3
	1561775508.73
Hola
	1561775509.23
4
	1561775509.23
Hola
	1561775509.73
5
	1561775509.73
Hola
	1561775510.23
6
	1561775510.23
Hola
	1561775510.74
7
	1561775510.74
Hola
	1561775511.24
8
	1561775511.24
Hola
	1561775511.74
9
	1561775511.74
Hola
	1561775512.24
10
	1561775512.24
Hola
	1561775512.75
11
	1561775512.75
Hola
	1561775513.25
12
	1561775513.25
Hola
	1561775513.75
13
	1561775513.75
Hola
	1561775514.25
14
	1561775514.25
Hola
	1561775514.75
15
	1561775514.75
Hola
	1561775515.25
16
	1561775515.26
Hola
	1561775515.76
17
	1561775515.76
Hola
	1561775516.26
18
	1561775516.26
Hola
	1561775516.76
19
	1561775516.76
Hola
	1561775517.26
20
	1561775517.26
Hola
	1561775517.76
21
	1561775517.76
