652	1565383386.820922
652	1565383386.9214299
652	1565383387.0220916
652	1565383387.1228156
652	1565383387.2233965
652	1565383387.32404
652	1565383387.4252124
652	1565383387.5258636
651	1565383387.626513
651	1565383387.7272449
651	1565383387.827815
651	1565383387.928461
651	1565383388.0291164
651	1565383388.129771
651	1565383388.230414
651	1565383388.3311555
651	1565383388.4321082
651	1565383388.532691
651	1565383388.633345
651	1565383388.733988
651	1565383388.8346431
651	1565383388.9354672
651	1565383389.0360162
651	1565383389.1366155
651	1565383389.2372599
650	1565383389.338105
642	1565383389.4381685
632	1565383389.5389097
624	1565383389.6396468
619	1565383389.740126
617	1565383389.8407803
615	1565383389.941434
616	1565383390.0420647
617	1565383390.142838
617	1565383390.2435384
617	1565365391.0674415
618	1565383390.4444766
618	1565383390.545118
617	1565383390.6457772
615	1565383390.7466013
614	1565383390.8471866
608	1565383390.9477644
608	1565383391.0484302
608	1565383391.149087
605	1565383391.2497323
601	1565365392.0657527
597	1565383391.4507325
591	1565383391.551339
584	1565383391.6519475
581	1565383391.7526145
581	1565383391.8532608
581	1565383391.9539118
582	1565383392.0548332
583	1565383392.1552014
585	1565383392.255848
589	1565365393.0680387
613	1565383392.458212
633	1565383392.5588639
641	1565383392.6596985
645	1565383392.7603412
649	1565383392.8609807
651	1565383392.9615908
653	1565383393.0621002
655	1565383393.1626081
656	1565383393.2636359
657	1565365394.0762782
658	1565383393.4652271
658	1565383393.5658596
658	1565383393.6665037
659	1565383393.7671566
659	1565383393.8679388
659	1565383393.9686048
658	1565383394.0691373
658	1565383394.1697824
657	1565383394.2704346
657	1565365395.0814245
655	1565383394.469343
653	1565383394.5699627
648	1565383394.6706016
642	1565383394.7712088
635	1565383394.8718786
629	1565383394.9725378
625	1565383395.073295
625	1565383395.1739938
627	1565383395.2745056
630	1565383395.3760328
635	1565383395.476788
642	1565383395.5774202
651	1565383395.678185
656	1565383395.778841
658	1565383395.8794103
660	1565383395.980057
661	1565383396.0807033
661	1565383396.1813598
661	1565383396.282081
661	1565383396.384238
661	1565383396.4847298
661	1565383396.5853858
661	1565383396.686051
661	1565383396.7867067
661	1565383396.8873575
661	1565383396.9880967
661	1565383397.0886729
661	1565383397.1893222
661	1565383397.2899687
661	1565383397.389275
661	1565383397.490061
661	1565383397.5912337
661	1565383397.6913645
662	1565383397.7923424
661	1565383397.8926513
662	1565383397.9933174
662	1565383398.0939748
662	1565383398.1947067
662	1565383398.2952616
661	1565383398.397089
661	1565383398.497869
661	1565383398.598531
661	1565383398.6992037
661	1565383398.799957
661	1565383398.9006238
661	1565383399.0011263
661	1565383399.1018226
661	1565383399.202469
661	1565383399.303118
662	1565383399.401426
661	1565383399.502128
661	1565383399.6026502
662	1565383399.7032964
661	1565383399.8039382
662	1565383399.9045897
662	1565383400.00534
662	1565383400.1060247
662	1565383400.2065303
661	1565383400.307197
661	1565383400.4079914
661	1565383400.5086482
661	1565383400.6094556
661	1565383400.7100434
661	1565383400.8106186
661	1565383400.911264
661	1565383401.0119271
661	1565383401.1125734
661	1565383401.2132254
662	1565383401.313976
662	1565383401.4148057
662	1565383401.515415
662	1565383401.6161127
662	1565383401.7167547
662	1565383401.8174095
662	1565383401.9181483
662	1565383402.0187051
662	1565383402.1193492
662	1565383402.2200181
662	1565383402.3206637
662	1565383402.4204698
662	1565383402.521325
662	1565383402.621776
662	1565383402.722415
662	1565383402.8230748
662	1565383402.9237359
662	1565383403.0243797
662	1565383403.1251879
661	1565383403.2257311
662	1565383403.326323
661	1565383403.4371474
662	1565383403.5378084
662	1565383403.6384506
661	1565383403.7393222
662	1565383403.8398259
662	1565383403.9404023
662	1565383404.0410688
662	1565383404.1417074
662	1565383404.2423515
662	1565383404.3431025
662	1565383404.4362674
662	1565383404.536833
662	1565383404.6374931
662	1565383404.7381544
662	1565383404.8388526
662	1565383404.9395406
662	1565383405.0402389
662	1565383405.1407425
662	1565383405.24139
662	1565383405.34204
662	1565365406.2168713
662	1565383405.5424683
662	1565383405.6432047
662	1565383405.7437618
662	1565383405.84442
662	1565383405.9450667
662	1565383406.0457242
662	1565383406.1463764
662	1565383406.2471056
662	1565365407.0672574
662	1565383406.4487393
662	1565383406.5493886
662	1565383406.6500459
662	1565383406.750701
662	1565383406.8514297
662	1565383406.9519887
662	1565383407.0526407
662	1565383407.153288
662	1565383407.253954
662	1565365408.0708878
662	1565383407.4538186
662	1565383407.5543706
662	1565383407.6550171
662	1565383407.755673
662	1565383407.856326
662	1565383407.9569716
662	1565383408.0577164
662	1565383408.1583881
662	1565383408.258936
662	1565365409.0725782
662	1565383408.4653509
662	1565383408.5660086
662	1565383408.6668277
662	1565383408.7673779
662	1565383408.8679607
662	1565383408.9686012
662	1565383409.069259
662	1565383409.1698947
662	1565383409.2707164
662	1565365410.0794632
662	1565383409.4677014
662	1565383409.5683436
662	1565383409.6690001
661	1565383409.7696445
661	1565383409.8703084
661	1565383409.971102
661	1565383410.0715942
662	1565383410.172257
663	1565383410.272907
663	1565365411.0857992
663	1565383410.4822676
663	1565383410.582998
663	1565383410.6835532
663	1565383410.7842052
663	1565383410.8848586
663	1565383410.9855185
663	1565383411.0861619
663	1565383411.1869764
663	1565383411.287461
663	1565383411.3806794
663	1565383411.4810517
663	1565383411.5816884
663	1565383411.6823766
663	1565383411.783155
663	1565383411.8836353
663	1565383411.9843009
663	1565383412.0849462
663	1565383412.1856115
663	1565383412.2862563
663	1565383412.3870354
663	1565383412.4876952
663	1565383412.5882864
663	1565383412.688929
663	1565383412.789578
663	1565383412.89022
663	1565383412.9909744
663	1565383413.0916922
663	1565383413.1921859
663	1565383413.2928338
663	1565383413.3922603
663	1565383413.4929597
663	1565383413.5936801
663	1565383413.6943436
663	1565383413.7948973
663	1565383413.8955572
663	1565383413.9962187
663	1565383414.0968757
663	1565383414.1976767
663	1565383414.2983248
663	1565383414.3976502
663	1565383414.498289
663	1565383414.5989456
663	1565383414.6996033
663	1565383414.8002534
663	1565383414.9010618
663	1565383415.0015435
663	1565383415.102176
663	1565383415.202839
663	1565383415.3035076
663	1565383415.4060693
663	1565383415.506887
663	1565383415.607412
663	1565383415.708022
663	1565383415.8086836
663	1565383415.9093273
663	1565383416.0099847
663	1565383416.1107318
663	1565383416.2112982
663	1565383416.3119385
663	1565383416.4123857
663	1565383416.5130236
663	1565383416.61367
663	1565383416.7144873
663	1565383416.8150954
663	1565383416.915638
663	1565383417.016255
663	1565383417.1169257
663	1565383417.2175746
663	1565383417.318317
663	1565383417.4182963
663	1565383417.5188804
663	1565383417.6195266
663	1565383417.7201757
663	1565383417.8208406
663	1565383417.9216535
663	1565383418.0222383
663	1565383418.122799
663	1565383418.223445
663	1565383418.3240921
663	1565383418.4294229
663	1565383418.5302773
663	1565383418.6307979
663	1565383418.7313719
663	1565383418.8320181
663	1565383418.9326797
663	1565383419.0333345
663	1565383419.1339784
663	1565383419.2347908
663	1565383419.3352716
663	1565383419.431982
663	1565383419.5327945
663	1565383419.6334171
663	1565383419.7340422
663	1565383419.834714
663	1565383419.9351077
663	1565383420.0359545
663	1565383420.136512
663	1565383420.2371716
663	1565383420.3378117
663	1565383420.4397597
663	1565383420.5403202
663	1565383420.6409636
662	1565383420.7416294
661	1565383420.842248
662	1565383420.9428897
663	1565383421.0436661
663	1565383421.1446574
663	1565383421.2448747
663	1565365422.0691757
663	1565383421.4456549
663	1565383421.5463023
663	1565383421.6470532
663	1565383421.7476852
663	1565383421.848277
663	1565383421.948917
663	1565383422.0495653
663	1565383422.1501942
663	1565383422.2509592
663	1565365423.0702353
663	1565383422.4515002
663	1565383422.552264
663	1565383422.6529138
663	1565383422.7535233
663	1565383422.8540058
663	1565383422.9546168
663	1565383423.0553913
663	1565383423.155976
663	1565383423.2566347
663	1565365424.070035
663	1565383423.4578598
663	1565383423.5586724
663	1565383423.659177
663	1565383423.7598448
663	1565383423.860504
663	1565383423.961159
663	1565383424.0618055
663	1565383424.1625385
663	1565383424.263099
663	1565365425.07607
663	1565383424.464899
663	1565383424.5655491
663	1565383424.6662068
663	1565383424.7670186
663	1565383424.8675067
663	1565383424.9681888
663	1565383425.0687957
663	1565383425.1694589
663	1565383425.2700963
663	1565383425.3716042
663	1565383425.4710436
663	1565383425.5715837
663	1565383425.6722453
663	1565383425.7728856
663	1565383425.8735468
662	1565383425.974362
663	1565383426.0749168
662	1565383426.1754894
662	1565383426.2761376
662	1565383426.377197
662	1565383426.4779956
662	1565383426.5787249
662	1565383426.6794314
662	1565383426.779944
662	1565383426.8805869
662	1565383426.981238
662	1565383427.081891
662	1565383427.1826909
662	1565383427.2832708
662	1565383427.3837063
662	1565383427.4844217
662	1565383427.5850706
662	1565383427.6857226
662	1565383427.7863817
662	1565383427.8871856
662	1565383427.9876714
662	1565383428.088323
662	1565383428.1889715
662	1565383428.2896209
662	1565383428.39053
662	1565383428.49138
662	1565383428.5919297
662	1565383428.6925867
662	1565383428.7935135
662	1565383428.8938916
662	1565383428.994539
662	1565383429.0952811
662	1565383429.19584
662	1565383429.2965019
662	1565383429.3970003
662	1565383429.4976668
662	1565383429.5983377
662	1565383429.6990771
662	1565383429.7996924
662	1565383429.9002802
662	1565383430.0009353
662	1565383430.1015737
662	1565383430.2022219
662	1565383430.3030558
662	1565383430.403417
662	1565383430.5039916
662	1565383430.6046429
662	1565383430.7052784
662	1565383430.80594
662	1565383430.9066656
662	1565383431.0073225
662	1565383431.1078897
662	1565383431.2085428
662	1565383431.3091965
662	1565383431.409195
662	1565383431.51
662	1565383431.6105833
662	1565383431.711155
662	1565383431.8118002
662	1565383431.9124403
662	1565383432.0130968
662	1565383432.1137607
662	1565383432.2144914
662	1565383432.3150523
662	1565383432.4160776
662	1565383432.516726
662	1565383432.617431
662	1565383432.7180338
662	1565383432.8187747
662	1565383432.9193263
662	1565383433.019978
662	1565383433.1206524
662	1565383433.2213132
662	1565383433.3219588
662	1565383433.4244127
662	1565383433.5249588
662	1565383433.6256502
662	1565383433.7262602
661	1565383433.8269055
660	1565383433.9275541
660	1565383434.028378
659	1565383434.128937
657	1565383434.2295156
655	1565383434.3301601
652	1565383434.4287577
650	1565383434.5293984
648	1565383434.6301482
646	1565383434.7309985
645	1565383434.8315637
644	1565383434.9321253
644	1565383435.0326355
644	1565383435.1331475
644	1565383435.2341254
645	1565383435.3347428
645	1565383435.4346817
646	1565383435.5353088
647	1565383435.6359336
648	1565383435.7365997
649	1565383435.837359
650	1565383435.9380023
650	1565383436.0385718
651	1565383436.139227
652	1565383436.2398891
652	1565365437.0675418
652	1565383436.4414835
652	1565383436.5422094
651	1565383436.642769
651	1565383436.7434163
651	1565383436.8440845
650	1565383436.9447355
649	1565383437.0453923
649	1565383437.14614
648	1565383437.2467098
647	1565365438.0713325
647	1565383437.447989
646	1565383437.54864
646	1565383437.6492844
646	1565383437.750108
646	1565383437.8505936
645	1565383437.9512439
645	1565383438.0518985
645	1565383438.152547
645	1565383438.2531867
646	1565365439.0711493
647	1565383438.4558492
647	1565383438.5564396
649	1565383438.6570592
650	1565383438.7577317
652	1565383438.8584006
654	1565383438.9592156
656	1565383439.0595932
657	1565383439.1603494
657	1565383439.2610052
657	1565365440.0736961
657	1565383439.4609587
657	1565383439.5617146
656	1565383439.6623275
655	1565383439.762913
656	1565383439.8635573
657	1565383439.9642005
658	1565383440.0648632
660	1565383440.1655982
661	1565383440.2663143
661	1565365441.0798814
662	1565383440.4690092
662	1565383440.5696633
662	1565383440.670309
663	1565383440.7709649
663	1565383440.8717766
663	1565383440.9722729
663	1565383441.0729325
663	1565383441.1737275
664	1565383441.2742226
664	1565383441.374353
664	1565383441.4752467
664	1565383441.5757782
664	1565383441.676431
664	1565383441.77709
664	1565383441.87775
664	1565383441.9783888
664	1565383442.0792053
664	1565383442.1796784
664	1565383442.2803364
665	1565383442.3799937
664	1565383442.4807475
665	1565383442.5813913
665	1565383442.6821442
664	1565383442.7827542
664	1565383442.8833632
665	1565383442.9840133
665	1565383443.084665
665	1565383443.1853015
665	1565383443.2861307
665	1565383443.3878791
665	1565383443.4883273
665	1565383443.5889654
665	1565383443.689616
665	1565383443.7902756
665	1565383443.8910925
665	1565383443.9916573
665	1565383444.092226
665	1565383444.1928716
665	1565383444.2935355
665	1565383444.3942091
665	1565383444.4949915
665	1565383444.5956376
665	1565383444.696487
665	1565383444.7968664
665	1565383444.8975325
665	1565383444.9981701
665	1565383445.0988238
665	1565383445.1995482
665	1565383445.3001282
665	1565383445.3990445
665	1565383445.4997265
665	1565383445.6003792
665	1565383445.7010334
665	1565383445.8018878
665	1565383445.902326
665	1565383446.0029795
665	1565383446.1036215
665	1565383446.2042868
665	1565383446.3049347
665	1565383446.4072957
665	1565383446.5078707
665	1565383446.6085167
665	1565383446.7091763
665	1565383446.8098304
665	1565383446.9104776
665	1565383447.0113156
665	1565383447.1118424
665	1565383447.212427
665	1565383447.3130827
665	1565383447.4133732
665	1565383447.5140328
665	1565383447.6148453
664	1565383447.715401
665	1565383447.8159811
665	1565383447.9166274
665	1565383448.0172777
665	1565383448.1179767
665	1565383448.218678
665	1565383448.3193793
665	1565383448.420942
665	1565383448.5215926
665	1565383448.6222434
665	1565383448.722902
665	1565383448.8236306
665	1565383448.9243355
665	1565383449.0248451
665	1565383449.1254954
665	1565383449.226138
665	1565383449.326793
665	1565383449.4249866
665	1565383449.5257833
665	1565383449.6262867
665	1565383449.7269154
665	1565383449.827587
665	1565383449.928233
665	1565383450.0288937
665	1565383450.1296968
665	1565383450.2301903
665	1565383450.3308496
665	1565383450.4324389
665	1565383450.533083
665	1565383450.6337447
665	1565383450.7345638
665	1565383450.8350484
665	1565383450.9357035
665	1565383451.0363443
665	1565383451.136999
665	1565383451.2376437
665	1565383451.3383927
665	1565383451.4387174
665	1565383451.5393624
665	1565383451.6400137
665	1565383451.7406535
665	1565383451.841305
665	1565383451.9420676
665	1565383452.0426803
665	1565383452.1432674
665	1565383452.2439137
665	1565365453.0677762
665	1565383452.4446642
665	1565383452.5454094
665	1565383452.6460817
665	1565383452.74661
665	1565383452.8472664
665	1565383452.947909
665	1565383453.0486007
665	1565383453.149296
665	1565383453.2500126
665	1565365454.068575
665	1565383453.4517379
665	1565383453.552376
665	1565383453.653035
665	1565383453.7538142
665	1565383453.8544197
665	1565383453.9549925
665	1565383454.0556355
665	1565383454.1563394
665	1565383454.25696
665	1565365455.070453
665	1565383454.4579458
665	1565383454.5585134
665	1565383454.6591578
665	1565383454.7598045
665	1565383454.8604524
665	1565383454.961107
665	1565383455.0618503
665	1565383455.1624143
665	1565383455.2630553
665	1565365456.0770078
665	1565383455.4642057
665	1565383455.564847
665	1565383455.665589
665	1565383455.7661602
665	1565383455.8667974
665	1565383455.967449
665	1565383456.0681028
665	1565383456.168762
665	1565383456.269501
665	1565365457.0828664
665	1565383456.47336
665	1565383456.5740118
665	1565383456.6746624
665	1565383456.7753053
665	1565383456.876113
665	1565383456.976754
665	1565383457.0772674
665	1565383457.1778872
665	1565383457.2786052
665	1565383457.3768313
665	1565383457.4776947
665	1565383457.578354
665	1565383457.6789253
665	1565383457.7795665
665	1565383457.880214
665	1565383457.9808807
665	1565383458.0815387
665	1565383458.182268
665	1565383458.2828448
665	1565383458.3841383
665	1565383458.4849303
665	1565383458.5855472
665	1565383458.6862268
665	1565383458.7870255
665	1565383458.8875215
665	1565383458.9881957
665	1565383459.08883
665	1565383459.1894822
665	1565383459.2901409
665	1565383459.3910432
665	1565383459.4915376
665	1565383459.5922003
665	1565383459.6928427
665	1565383459.7932892
665	1565383459.894166
665	1565383459.9949005
665	1565383460.0954566
665	1565383460.196109
665	1565383460.2967625
665	1565383460.395449
665	1565383460.4961224
665	1565383460.5970383
665	1565383460.697553
665	1565383460.7980728
665	1565383460.8987021
665	1565383460.99938
665	1565383461.1000233
665	1565383461.2007744
665	1565383461.301418
665	1565383461.4034307
665	1565383461.5040689
665	1565383461.6047227
665	1565383461.7053807
665	1565383461.8061228
665	1565383461.906835
665	1565383462.0073438
665	1565383462.107988
665	1565383462.2086208
665	1565383462.309297
665	1565383462.4100478
665	1565383462.510769
665	1565383462.6112692
665	1565383462.711912
665	1565383462.8126135
665	1565383462.9132197
665	1565383463.0138752
665	1565383463.1146793
665	1565383463.215171
665	1565383463.3158116
665	1565383463.4159925
665	1565383463.516689
665	1565383463.617296
665	1565383463.7181313
665	1565383463.8186018
665	1565383463.9192693
665	1565383464.0199122
665	1565383464.1205306
665	1565383464.221216
665	1565383464.3219547
665	1565383464.42477
665	1565383464.5254092
665	1565383464.626096
665	1565383464.7276871
665	1565383464.8273633
665	1565383464.9282022
665	1565383465.0289507
665	1565383465.1294699
665	1565383465.2300825
665	1565383465.3305948
665	1565383465.428932
665	1565383465.5299406
665	1565383465.630519
665	1565383465.7310498
665	1565383465.8316896
665	1565383465.932351
665	1565383466.0330005
665	1565383466.1338508
665	1565383466.2343776
665	1565383466.334953
665	1565383466.4364696
665	1565383466.5371075
665	1565383466.6377542
665	1565383466.7383964
665	1565383466.8391447
665	1565383466.9397583
665	1565383467.0403597
665	1565383467.141004
665	1565383467.241671
665	1565365468.0682418
665	1565383467.442878
665	1565383467.5434563
665	1565383467.6441047
665	1565383467.7447631
665	1565383467.8454065
665	1565383467.9460557
665	1565383468.0468733
665	1565383468.14737
665	1565383468.2479885
665	1565365469.0679522
666	1565383468.4491541
666	1565383468.5498068
666	1565383468.650646
666	1565383468.7511182
666	1565383468.8517616
666	1565383468.9524086
666	1565383469.0530605
666	1565383469.1537235
666	1565383469.254467
666	1565365470.0681458
666	1565383469.4560037
666	1565383469.5566554
666	1565383469.6573126
666	1565383469.7579756
666	1565383469.8587935
666	1565383469.9593406
666	1565383470.0599196
666	1565383470.1605716
666	1565383470.261211
666	1565365471.0733814
666	1565383470.4619262
666	1565383470.562562
666	1565383470.6631377
666	1565383470.7637796
666	1565383470.8645613
666	1565383470.965083
666	1565383471.0658848
666	1565383471.1664748
666	1565383471.2670364
666	1565365472.0809882
666	1565383471.471547
666	1565383471.5722067
666	1565383471.6728535
666	1565383471.7735846
666	1565383471.8741639
666	1565383471.974814
666	1565383472.0754316
666	1565383472.1761053
666	1565383472.2767615
666	1565383472.3763168
666	1565383472.4767087
666	1565383472.577349
666	1565383472.6779997
666	1565383472.7786524
666	1565383472.8793437
666	1565383472.9801316
666	1565383473.0806072
666	1565383473.1812499
666	1565383473.2819066
666	1565383473.3825197
666	1565383473.4832957
666	1565383473.5841126
666	1565383473.6847167
666	1565383473.7852476
666	1565383473.8858972
666	1565383473.986544
666	1565383474.0871887
666	1565383474.1879525
666	1565383474.288568
666	1565383474.388063
666	1565383474.488846
666	1565383474.5895216
666	1565383474.69017
666	1565383474.7909074
666	1565383474.8916345
666	1565383474.9921312
666	1565383475.0927732
666	1565383475.19344
666	1565383475.294103
666	1565383475.394354
666	1565383475.495119
666	1565383475.5957098
666	1565383475.6965125
666	1565383475.7971752
666	1565383475.897766
666	1565383475.9982774
666	1565383476.0989568
666	1565383476.1996953
666	1565383476.3002367
666	1565383476.4009547
666	1565383476.5015972
666	1565383476.6022518
666	1565383476.7030094
666	1565383476.8035867
666	1565383476.9042294
666	1565383477.0048828
666	1565383477.1055167
666	1565383477.2061784
666	1565383477.307
666	1565383477.406435
666	1565383477.5070791
666	1565383477.607722
666	1565383477.7083757
666	1565383477.809024
667	1565383477.9097638
666	1565383478.0104363
666	1565383478.1109889
667	1565383478.2116368
666	1565383478.312271
667	1565383478.4136512
667	1565383478.5143936
667	1565383478.6150944
667	1565383478.7156656
667	1565383478.816264
667	1565383478.9169073
667	1565383479.0175786
667	1565383479.1183236
667	1565383479.218959
667	1565383479.3195388
667	1565383479.419189
667	1565383479.5198305
667	1565383479.62047
667	1565383479.7212038
667	1565383479.8219256
667	1565383479.9224346
667	1565383480.0230854
667	1565383480.123725
667	1565383480.2243435
667	1565383480.3250287
667	1565383480.4272807
667	1565383480.5278456
667	1565383480.628512
667	1565383480.729126
667	1565383480.8298082
667	1565383480.9304519
667	1565383481.0312018
667	1565383481.1317625
667	1565383481.2324212
667	1565383481.3330736
667	1565383481.4325852
667	1565383481.533241
667	1565383481.6339784
667	1565383481.734532
667	1565383481.8351903
667	1565383481.9358377
667	1565383482.036492
667	1565383482.1371424
667	1565383482.2378812
667	1565383482.3384962
667	1565383482.440027
667	1565383482.5406747
667	1565383482.6413205
667	1565383482.7419662
667	1565383482.8427093
667	1565383482.9433608
667	1565383483.0439355
667	1565383483.1445994
667	1565383483.2452488
667	1565365484.0681894
667	1565383483.445278
667	1565383483.545889
667	1565383483.64646
667	1565383483.7471077
667	1565383483.8477724
667	1565383483.9484222
667	1565383484.0491414
667	1565383484.1497955
667	1565383484.2503657
667	1565365485.0671635
667	1565383484.4529054
667	1565383484.553542
667	1565383484.6541986
667	1565383484.754943
667	1565383484.855503
667	1565383484.9561553
667	1565383485.0568144
667	1565383485.1574583
667	1565383485.2581031
667	1565365486.0707972
667	1565383485.4605038
667	1565383485.5611641
667	1565383485.6618059
667	1565383485.762431
667	1565383485.863111
667	1565383485.963853
667	1565383486.064418
667	1565383486.1650603
667	1565383486.2657125
667	1565365487.0777261
667	1565383486.46545
667	1565383486.5662103
667	1565383486.666805
667	1565383486.7674146
667	1565383486.868062
667	1565383486.968692
667	1565383487.0693686
667	1565383487.1701963
667	1565383487.270751
667	1565383487.3720737
667	1565383487.4726725
667	1565383487.573324
667	1565383487.6739771
667	1565383487.774714
667	1565383487.87535
667	1565383487.9759235
667	1565383488.076569
667	1565383488.1772132
667	1565383488.277876
667	1565383488.3775256
667	1565383488.4784114
667	1565383488.5789692
667	1565383488.67962
667	1565383488.7802823
667	1565383488.8809278
667	1565383488.9815733
667	1565383489.0822926
667	1565383489.182877
667	1565383489.283536
667	1565383489.3855805
667	1565383489.4863644
667	1565383489.5870063
667	1565383489.687836
667	1565383489.7883208
667	1565383489.8889775
667	1565383489.9896176
667	1565383490.0902605
667	1565383490.190915
667	1565383490.2917428
667	1565383490.39582
667	1565383490.4962802
667	1565383490.5969396
667	1565383490.697587
667	1565383490.798218
667	1565383490.8989935
667	1565383490.9996526
667	1565383491.100191
667	1565383491.2008386
667	1565383491.3014872
667	1565383491.3977575
667	1565383491.4986145
667	1565383491.5991585
667	1565383491.6997364
667	1565383491.8002462
667	1565383491.901034
667	1565383492.0016832
667	1565383492.1025097
667	1565383492.2031178
667	1565383492.3036354
667	1565383492.4027917
667	1565383492.503443
667	1565383492.6041038
667	1565383492.704901
667	1565383492.8054721
667	1565383492.906043
667	1565383493.0067072
667	1565383493.1073518
667	1565383493.2080085
667	1565383493.3086495
667	1565383493.411059
667	1565383493.511632
667	1565383493.612277
667	1565383493.7129276
667	1565383493.8135743
668	1565383493.9142234
668	1565383494.014978
668	1565383494.1155334
668	1565383494.2161813
668	1565383494.316828
667	1565383494.4179416
667	1565383494.5185816
667	1565383494.6194143
667	1565383494.7198908
667	1565383494.8205423
667	1565383494.9211867
667	1565383495.021835
667	1565383495.1224794
667	1565383495.223234
667	1565383495.3238468
667	1565383495.4230454
667	1565383495.5236855
667	1565383495.6243384
667	1565383495.7249825
668	1565383495.8258145
668	1565383495.926378
668	1565383496.0269427
668	1565383496.127584
668	1565383496.228248
668	1565383496.3288949
668	1565383496.4343693
669	1565383496.535064
669	1565383496.63557
669	1565383496.7362247
670	1565383496.8368802
670	1565383496.937519
671	1565383497.0383036
670	1565383497.1389024
670	1565383497.2394843
670	1565383497.3401213
670	1565383497.4373417
670	1565383497.5379903
669	1565383497.63864
668	1565383497.7394316
668	1565383497.839944
668	1565383497.9405928
668	1565383498.0412574
668	1565383498.1418927
668	1565383498.2425556
668	1565365499.068303
668	1565383498.4447157
668	1565383498.5453627
668	1565383498.6460047
668	1565383498.7466614
668	1565383498.8473072
668	1565383498.9481127
668	1565383499.0486028
668	1565383499.149259
668	1565383499.249909
668	1565365500.0683799
668	1565383499.4490514
668	1565383499.549857
668	1565383499.650407
667	1565383499.7510061
667	1565383499.8516538
668	1565383499.952297
668	1565383500.05296
668	1565383500.153716
668	1565383500.2543976
668	1565365501.0681863
668	1565383500.4573257
668	1565383500.5579298
668	1565383500.658629
668	1565383500.75936
668	1565383500.8600628
668	1565383500.9605708
667	1565383501.061233
668	1565383501.1618786
667	1565383501.262526
668	1565365502.0748892
668	1565383501.4622705
668	1565383501.5627923
668	1565383501.66346
668	1565383501.7641063
668	1565383501.8647556
668	1565383501.9654078
668	1565383502.0661416
668	1565383502.1667144
668	1565383502.267377
668	1565383502.3707273
668	1565383502.46916
668	1565383502.5698025
668	1565383502.6705515
668	1565383502.771101
668	1565383502.871767
668	1565383502.972412
668	1565383503.0730538
668	1565383503.1737156
668	1565383503.274456
668	1565383503.3744714
668	1565383503.475136
668	1565383503.575778
667	1565383503.6764283
668	1565383503.777081
668	1565383503.8778362
668	1565383503.9784122
667	1565383504.079052
667	1565383504.1797144
668	1565383504.2803612
668	1565383504.380659
668	1565383504.4815242
668	1565383504.5821416
668	1565383504.6827154
668	1565383504.7833776
668	1565383504.8840282
668	1565383504.984638
668	1565383505.0854936
668	1565383505.18604
668	1565383505.2866166
668	1565383505.3889215
668	1565383505.4894247
668	1565383505.590074
668	1565383505.6908255
668	1565383505.791517
668	1565383505.892022
668	1565383505.992668
668	1565383506.093339
668	1565383506.1939769
668	1565383506.2946427
668	1565383506.3960574
668	1565383506.4966888
668	1565383506.5973444
668	1565383506.6979601
668	1565383506.798462
668	1565383506.898974
668	1565383506.9999838
668	1565383507.1004462
668	1565383507.2010734
668	1565383507.3017309
668	1565383507.4012609
668	1565383507.5019052
668	1565383507.6027465
668	1565383507.7032378
668	1565383507.8038974
668	1565383507.9045453
668	1565383508.005212
668	1565383508.1058607
668	1565383508.2066076
668	1565383508.3072128
668	1565383508.4089978
668	1565383508.509648
668	1565383508.6103055
668	1565383508.710961
668	1565383508.8117733
668	1565383508.9123237
668	1565383509.0129106
668	1565383509.1135523
668	1565383509.2141988
668	1565383509.3148367
668	1565383509.4131622
668	1565383509.5138488
668	1565383509.6143725
668	1565383509.7150347
668	1565383509.8156788
668	1565383509.916337
668	1565383510.017067
668	1565383510.1177745
668	1565383510.2182848
668	1565383510.318926
668	1565383510.420983
668	1565383510.5216262
668	1565383510.6222732
668	1565383510.722998
668	1565383510.8235717
668	1565383510.9242313
668	1565383511.0248804
668	1565383511.1255293
668	1565383511.226169
668	1565383511.326909
668	1565383511.42779
668	1565383511.5284357
668	1565383511.6290925
668	1565383511.7297423
668	1565383511.8304024
668	1565383511.931233
668	1565383512.031696
668	1565383512.132349
668	1565383512.2329967
668	1565383512.3336415
668	1565383512.4384267
668	1565383512.5391867
668	1565383512.639741
668	1565383512.7403812
668	1565383512.8410306
668	1565383512.9416764
668	1565383513.0423317
668	1565383513.1430817
668	1565383513.2437074
668	1565365514.068523
668	1565383513.4410565
668	1565383513.5417104
668	1565383513.6423655
668	1565383513.7431471
668	1565383513.8437994
668	1565383513.94431
668	1565383514.0449593
668	1565383514.1456256
668	1565383514.2462614
668	1565365515.065677
668	1565383514.44647
668	1565383514.547039
668	1565383514.6477003
668	1565383514.7483475
668	1565383514.848989
668	1565383514.9496436
668	1565383515.0503762
668	1565383515.1509528
668	1565383515.2515953
668	1565365516.0657666
668	1565383515.4533072
668	1565383515.5539463
668	1565383515.6546955
668	1565383515.755265
668	1565383515.8559146
668	1565383515.9565604
668	1565383516.057202
668	1565383516.1578555
668	1565383516.2586749
668	1565365517.0724454
668	1565383516.4611225
668	1565383516.5617683
668	1565383516.6624236
668	1565383516.7630734
668	1565383516.8638117
668	1565383516.9643753
668	1565383517.0650206
668	1565383517.165678
668	1565383517.266333
668	1565365518.0784519
668	1565383517.4667773
668	1565383517.5673897
668	1565383517.6681142
668	1565383517.7687654
668	1565383517.869385
668	1565383517.969888
668	1565383518.0705428
668	1565383518.1713662
669	1565383518.2718494
669	1565383518.3721247
668	1565383518.4729004
668	1565383518.5735514
668	1565383518.674298
668	1565383518.7750087
668	1565383518.875529
668	1565383518.97618
668	1565383519.0768301
668	1565383519.1774783
668	1565383519.2781222
668	1565383519.3794835
668	1565383519.4800792
668	1565383519.5807245
668	1565383519.681368
668	1565383519.7820206
668	1565383519.8826654
668	1565383519.9834027
668	1565383520.083977
668	1565383520.1846263
668	1565383520.285278
668	1565383520.389324
668	1565383520.4894607
668	1565383520.5901968
668	1565383520.6907575
668	1565383520.7914233
668	1565383520.8920703
668	1565383520.9927175
668	1565383521.0933743
668	1565383521.1941159
668	1565383521.2946808
668	1565383521.3921456
668	1565383521.4929693
668	1565383521.59362
668	1565383521.6942737
668	1565383521.7950008
668	1565383521.8956335
668	1565383521.9962192
669	1565383522.0968745
668	1565383522.1975274
668	1565383522.2981672
668	1565383522.3983288
668	1565383522.4990351
669	1565383522.5995574
668	1565383522.700213
668	1565383522.8008559
668	1565383522.9015036
668	1565383523.0023036
668	1565383523.102881
668	1565383523.2034624
668	1565383523.3041143
668	1565383523.4048522
668	1565383523.5054924
668	1565383523.6061316
668	1565383523.7068627
668	1565383523.8074396
668	1565383523.9080818
668	1565383524.0087502
668	1565383524.1093876
668	1565383524.2100334
668	1565383524.310775
668	1565383524.4115338
668	1565383524.512176
668	1565383524.6128364
668	1565383524.7134821
668	1565383524.8141353
668	1565383524.914878
668	1565383525.0154588
668	1565383525.1161046
669	1565383525.2167485
668	1565383525.317414
669	1565383525.4175377
669	1565383525.5182705
669	1565383525.6188388
669	1565383525.7194843
669	1565383525.820149
668	1565383525.9207897
669	1565383526.0214424
668	1565383526.1223023
668	1565383526.2228067
668	1565383526.3233855
668	1565383526.4256427
668	1565383526.5263078
669	1565383526.626956
669	1565383526.7276905
669	1565383526.8283885
669	1565383526.9289136
669	1565383527.0295599
669	1565383527.1301918
669	1565383527.2308698
668	1565383527.3316019
668	1565383527.4305625
668	1565383527.5311236
668	1565383527.6317675
668	1565383527.732438
668	1565383527.8330777
668	1565383527.9337304
669	1565383528.0345237
668	1565383528.1350186
668	1565383528.235672
668	1565383528.336539
669	1565383528.437733
668	1565383528.5383449
669	1565383528.6391058
668	1565383528.7396877
669	1565383528.840344
669	1565383528.9409864
668	1565383529.041658
668	1565383529.142305
669	1565383529.2430844
668	1565365530.0682683
668	1565383529.4426918
668	1565383529.5433364
668	1565383529.6439888
668	1565383529.744648
668	1565383529.845392
668	1565383529.9459364
668	1565383530.0465877
668	1565383530.1472435
668	1565383530.2478905
669	1565365531.068844
669	1565383530.451391
669	1565383530.55201
669	1565383530.6525886
669	1565383530.7532513
668	1565383530.853898
668	1565383530.9545584
668	1565383531.0553756
668	1565383531.1559317
668	1565383531.2564974
669	1565365532.0696485
669	1565383531.456617
669	1565383531.5572708
669	1565383531.6580107
669	1565383531.7587042
669	1565383531.8592165
669	1565383531.9598656
668	1565383532.0605233
669	1565383532.1611705
669	1565383532.2618227
668	1565365533.0758898
669	1565383532.4637077
669	1565383532.5643637
668	1565383532.665001
668	1565383532.7656708
668	1565383532.866309
668	1565383532.967102
668	1565383533.0676281
668	1565383533.1682777
669	1565383533.2689223
669	1565383533.368543
669	1565383533.469207
669	1565383533.569947
669	1565383533.670496
669	1565383533.771157
669	1565383533.871797
669	1565383533.9724479
669	1565383534.0730884
669	1565383534.1739218
669	1565383534.2744095
669	1565383534.3748229
669	1565383534.4755933
669	1565383534.5762417
669	1565383534.676887
669	1565383534.7777221
669	1565383534.8782566
669	1565383534.978844
669	1565383535.0794919
669	1565383535.180139
669	1565383535.280802
669	1565383535.3826716
669	1565383535.4833655
669	1565383535.5839176
669	1565383535.684573
669	1565383535.785226
669	1565383535.8858798
669	1565383535.9866207
669	1565383536.0873172
669	1565383536.187826
669	1565383536.2884827
669	1565383536.389563
669	1565383536.4903598
669	1565383536.591088
669	1565383536.6918218
669	1565383536.7923193
669	1565383536.8929765
669	1565383536.9936223
669	1565383537.094271
669	1565383537.194919
669	1565383537.2956607
669	1565383537.3942995
669	1565383537.4949281
669	1565383537.595587
669	1565383537.6962492
669	1565383537.796887
669	1565383537.8976316
669	1565383537.9981968
669	1565383538.0988503
669	1565383538.199488
669	1565383538.3001263
669	1565383538.4017353
669	1565383538.5024557
669	1565383538.6030064
669	1565383538.703648
669	1565383538.8042958
669	1565383538.9049182
669	1565383539.0056062
669	1565383539.1063457
669	1565383539.207024
669	1565383539.3075464
669	1565383539.407598
669	1565383539.5082474
669	1565383539.6089003
669	1565383539.7097151
669	1565383539.8102624
669	1565383539.9108372
669	1565383540.0115073
669	1565383540.112159
669	1565383540.212803
669	1565383540.313622
669	1565383540.4152493
669	1565383540.5158346
669	1565383540.616479
669	1565383540.7171266
669	1565383540.81778
669	1565383540.9185846
669	1565383541.0191505
669	1565383541.119726
669	1565383541.2203875
669	1565383541.3210368
669	1565383541.4206228
669	1565383541.5212643
669	1565383541.6220734
669	1565383541.7225664
669	1565383541.8232298
669	1565383541.9238772
669	1565383542.0245292
669	1565383542.1251864
669	1565383542.2259212
669	1565383542.3264918
669	1565383542.4288511
669	1565383542.5295002
669	1565383542.6301475
669	1565383542.730817
669	1565383542.831626
669	1565383542.9321058
669	1565383543.0327594
669	1565383543.1334012
669	1565383543.2340717
669	1565383543.3346786
669	1565383543.4338567
669	1565383543.5344307
669	1565383543.6349638
669	1565383543.7356248
669	1565383543.8362696
669	1565383543.9369178
669	1565383544.03766
669	1565383544.1383061
669	1565383544.2434244
669	1565365545.0600457
669	1565383544.4404263
669	1565383544.541073
669	1565383544.6418047
669	1565383544.742509
669	1565383544.8430235
669	1565383544.943667
669	1565383545.044326
669	1565383545.1449716
669	1565383545.2457104
669	1565365546.0669503
669	1565383545.4489064
669	1565383545.549555
669	1565383545.6502142
669	1565383545.750869
669	1565383545.851517
669	1565383545.9522572
669	1565383546.052831
669	1565383546.153485
669	1565383546.2541325
669	1565365547.0685992
669	1565383546.4539027
669	1565383546.554647
669	1565383546.655195
669	1565383546.7558434
669	1565383546.8564878
669	1565383546.957151
669	1565383547.057813
669	1565383547.1585443
669	1565383547.2590988
669	1565365548.0724554
669	1565383547.460923
669	1565383547.5616252
669	1565383547.6622329
669	1565383547.7629719
669	1565383547.8636456
669	1565383547.964183
669	1565383548.064833
669	1565383548.165494
669	1565383548.2661488
669	1565365549.0796635
669	1565383548.4682775
669	1565383548.5688434
669	1565383548.6695044
669	1565383548.770279
669	1565383548.8709726
669	1565383548.9717598
669	1565383549.0721488
669	1565383549.1725845
669	1565383549.273372
669	1565383549.3747225
669	1565383549.4729025
669	1565383549.5736325
669	1565383549.6742911
669	1565383549.7748601
669	1565383549.875517
669	1565383549.9761744
669	1565383550.0768206
669	1565383550.1774852
669	1565383550.2782147
670	1565383550.382542
669	1565383550.4832518
669	1565383550.5840576
669	1565383550.6847067
669	1565383550.7853184
669	1565383550.8859162
669	1565383550.9864016
669	1565383551.0871935
669	1565383551.1877677
669	1565383551.2884178
669	1565383551.3893385
670	1565383551.4902234
669	1565383551.590767
669	1565383551.6914232
669	1565383551.7920928
669	1565383551.892776
669	1565383551.9933987
669	1565383552.0944107
669	1565383552.1948135
670	1565383552.295326
670	1565383552.395041
669	1565383552.4958248
669	1565383552.5964887
669	1565383552.6973116
669	1565383552.7978582
669	1565383552.8984354
669	1565383552.9990776
669	1565383553.099733
669	1565383553.2003896
669	1565383553.301124
669	1565383553.3998277
670	1565383553.5003998
670	1565383553.6010659
670	1565383553.701728
669	1565383553.8023744
670	1565383553.9031289
670	1565383554.0037751
670	1565383554.1043375
670	1565383554.204986
670	1565383554.3056278
670	1565383554.404913
670	1565383554.5055623
670	1565383554.6063673
670	1565383554.7068603
670	1565383554.8075128
670	1565383554.908165
670	1565383555.0088148
670	1565383555.109452
669	1565383555.2102156
670	1565383555.310761
670	1565383555.4120991
670	1565383555.512755
670	1565383555.6134114
670	1565383555.7140512
670	1565383555.8148851
670	1565383555.9153585
670	1565383556.01601
670	1565383556.1166646
670	1565383556.2173126
670	1565383556.3179562
670	1565383556.418413
670	1565383556.5190918
670	1565383556.6196284
670	1565383556.7202735
669	1565383556.8209207
670	1565383556.92158
670	1565383557.0223944
670	1565383557.1229508
670	1565383557.2235258
670	1565383557.3242888
670	1565383557.425929
670	1565383557.526587
670	1565383557.6273983
670	1565383557.7279513
670	1565383557.8285456
670	1565383557.9291995
670	1565383558.0298388
670	1565383558.1304832
670	1565383558.231438
670	1565383558.3319347
670	1565383558.4311273
670	1565383558.5317695
670	1565383558.6324263
669	1565383558.733066
670	1565383558.8337257
670	1565383558.9344783
669	1565383559.0350256
669	1565383559.1356647
669	1565383559.2363164
670	1565383559.336839
670	1565383559.4373853
669	1565383559.538121
669	1565383559.6388404
670	1565383559.7394946
670	1565383559.840093
670	1565383559.9405932
670	1565383560.0411057
670	1565383560.1421037
670	1565383560.2425866
670	1565365561.0615838
669	1565383560.4446843
669	1565383560.545578
670	1565383560.6461253
669	1565383560.7468758
670	1565383560.8475432
670	1565383560.9480798
669	1565383561.0487466
670	1565383561.1493802
670	1565383561.2500072
670	1565365562.069196
669	1565383561.4511294
670	1565383561.5517197
669	1565383561.6523628
669	1565383561.7530055
669	1565383561.8536587
669	1565383561.9544723
669	1565383562.055029
669	1565383562.1556137
669	1565383562.2562642
670	1565365563.0697412
669	1565383562.4589205
669	1565383562.5598078
669	1565383562.6603851
670	1565383562.760891
670	1565383562.8615515
670	1565383562.9621983
670	1565383563.0628414
670	1565383563.163504
669	1565383563.264299
670	1565365564.0834432
670	1565383563.464869
670	1565383563.5655134
670	1565383563.666155
670	1565383563.7668014
670	1565383563.8676243
670	1565383563.9681206
670	1565383564.0687706
670	1565383564.169418
670	1565383564.2700586
670	1565383564.3716366
670	1565383564.4705932
670	1565383564.571143
670	1565383564.6717825
670	1565383564.772434
670	1565383564.873098
670	1565383564.9737384
670	1565383565.0745654
670	1565383565.175115
670	1565383565.2757032
670	1565383565.37709
670	1565383565.47723
670	1565383565.57787
670	1565383565.6786184
670	1565383565.7793124
670	1565383565.8798223
670	1565383565.980478
670	1565383566.0811276
670	1565383566.1817815
670	1565383566.2825203
670	1565383566.3834944
670	1565383566.4839332
670	1565383566.5845935
670	1565383566.6852505
670	1565383566.7858987
670	1565383566.8867004
670	1565383566.987286
670	1565383567.0878532
670	1565383567.188514
670	1565383567.289165
670	1565383567.3900816
670	1565383567.4908557
670	1565383567.591598
670	1565383567.6921663
670	1565383567.7931907
670	1565383567.893465
670	1565383567.9941092
670	1565383568.0947723
670	1565383568.1955042
670	1565383568.2960598
670	1565383568.396106
670	1565383568.4967487
670	1565383568.5974188
670	1565383568.6980698
670	1565383568.7988708
670	1565383568.899367
670	1565383569.000029
670	1565383569.100669
670	1565383569.2013323
670	1565383569.3019724
670	1565383569.4015942
670	1565383569.5021715
670	1565383569.6027615
670	1565383569.7034082
670	1565383569.8040566
670	1565383569.9047146
670	1565383570.0054724
670	1565383570.106095
670	1565383570.2066672
670	1565383570.3073087
670	1565383570.40999
670	1565383570.510643
670	1565383570.6113915
670	1565383570.712024
670	1565383570.8126054
670	1565383570.9132495
670	1565383571.0139084
670	1565383571.1145558
670	1565383571.21529
670	1565383571.3159494
670	1565383571.4149368
670	1565383571.5155778
670	1565383571.616225
670	1565383571.7168763
670	1565383571.8175402
670	1565383571.918335
670	1565383572.0188358
670	1565383572.1194801
670	1565383572.2201357
670	1565383572.3207827
670	1565383572.4220598
670	1565383572.5227907
670	1565383572.6233392
670	1565383572.7249835
670	1565383572.824649
670	1565383572.925307
670	1565383573.0259738
670	1565383573.1267846
670	1565383573.2272623
670	1565383573.327907
670	1565383573.4288003
670	1565383573.5294354
670	1565383573.6300905
670	1565383573.7308393
670	1565383573.8314517
670	1565383573.9320498
670	1565383574.0326896
670	1565383574.1333227
670	1565383574.2339988
670	1565383574.3347456
670	1565383574.4354632
670	1565383574.5360327
670	1565383574.6366942
670	1565383574.7373548
670	1565383574.8380053
670	1565383574.9387379
670	1565383575.0393863
670	1565383575.139951
670	1565383575.2406108
670	1565365576.0664947
670	1565383575.4415162
670	1565383575.5423045
670	1565383575.6429687
670	1565383575.7434773
671	1565383575.8441284
670	1565383575.9448116
670	1565383576.0454235
670	1565383576.14628
670	1565383576.2468193
670	1565365577.0655973
670	1565383576.4487693
670	1565383576.549422
670	1565383576.6500778
670	1565383576.7507246
670	1565383576.8514838
670	1565383576.9520354
670	1565383577.0526748
670	1565383577.1533313
670	1565383577.2539825
670	1565365578.0672157
670	1565383577.4551225
670	1565383577.5556645
670	1565383577.6563127
670	1565383577.7569714
670	1565383577.857618
670	1565383577.9582586
670	1565383578.0590208
670	1565383578.1596801
670	1565383578.260222
670	1565365579.073515
670	1565383578.4624557
670	1565383578.5631156
670	1565383578.6638522
670	1565383578.7644947
670	1565383578.8649592
670	1565383578.9657161
670	1565383579.0663729
670	1565383579.1670148
670	1565383579.267827
670	1565383579.3673809
670	1565383579.4679995
670	1565383579.5686514
670	1565383579.6693025
670	1565383579.7699418
670	1565383579.8706791
671	1565383579.9713147
670	1565383580.0719068
671	1565383580.1725488
671	1565383580.2731953
670	1565365581.0848053
670	1565383580.473974
671	1565383580.5746984
671	1565383580.6752834
670	1565383580.7759306
670	1565383580.8765774
670	1565383580.977227
671	1565383581.0778804
671	1565383581.1786866
671	1565383581.279182
671	1565383581.3796444
671	1565383581.480196
671	1565383581.5808468
670	1565383581.6814947
670	1565383581.782251
670	1565383581.8828025
670	1565383581.9834454
670	1565383582.0841
671	1565383582.1847503
671	1565383582.2854161
671	1565383582.3870168
671	1565383582.4874475
671	1565383582.5880547
671	1565383582.6887016
670	1565383582.7893379
670	1565383582.8900015
670	1565383582.9907396
671	1565383583.0913632
671	1565383583.1919525
671	1565383583.2925982
671	1565383583.3943107
671	1565383583.495008
671	1565383583.5957468
671	1565383583.6964438
671	1565383583.7969387
671	1565383583.8976147
671	1565383583.9982636
671	1565383584.098903
670	1565383584.1997218
670	1565383584.3002923
671	1565383584.4005194
670	1565383584.50118
670	1565383584.601827
671	1565383584.7024713
670	1565383584.8031118
670	1565383584.9039195
671	1565383585.0044332
670	1565383585.1050751
670	1565383585.2057285
671	1565383585.3063717
670	1565383585.4047964
671	1565383585.5056143
671	1565383585.6060965
671	1565383585.7067485
671	1565383585.8073957
671	1565383585.9080496
671	1565383586.0086834
671	1565383586.109636
671	1565383586.2100217
671	1565383586.310666
671	1565383586.4128408
671	1565383586.513488
671	1565383586.6141317
671	1565383586.7149608
671	1565383586.8154292
671	1565383586.9161236
671	1565383587.016735
671	1565383587.11738
671	1565383587.2183037
671	1565383587.318901
671	1565383587.418959
671	1565383587.5195422
671	1565383587.6201825
671	1565383587.7208498
671	1565383587.8214984
671	1565383587.9223032
671	1565383588.0228848
671	1565383588.123452
671	1565383588.224113
671	1565383588.3247683
671	1565383588.4259746
671	1565383588.5267665
671	1565383588.6273394
671	1565383588.7279234
671	1565383588.828575
671	1565383588.9292238
671	1565383589.0298686
671	1565383589.1305141
671	1565383589.2312713
671	1565383589.331832
671	1565383589.4319081
671	1565383589.5325973
671	1565383589.6332006
671	1565383589.7338617
671	1565383589.8346035
671	1565383589.9351664
671	1565383590.035824
671	1565383590.1364682
671	1565383590.2371318
671	1565383590.3379323
671	1565383590.4402578
671	1565383590.5408187
671	1565383590.64146
671	1565383590.7421052
671	1565383590.8427565
671	1565383590.9434142
671	1565383591.0442507
671	1565383591.144711
671	1565383591.2453616
671	1565365592.0684195
671	1565383591.4449198
671	1565383591.5455909
671	1565383591.6463952
671	1565383591.7471075
671	1565383591.847696
671	1565383591.9482996
671	1565383592.0488083
671	1565383592.1493187
671	1565383592.2503347
671	1565365593.068698
671	1565383592.4528272
671	1565383592.5534735
671	1565383592.6541002
671	1565383592.754749
671	1565383592.85549
671	1565383592.956222
671	1565383593.0567288
671	1565383593.157384
671	1565383593.2580273
671	1565365594.0703087
671	1565383593.4592814
671	1565383593.55991
671	1565383593.6604836
671	1565383593.7611353
671	1565383593.8617985
671	1565383593.9624362
671	1565383594.0631037
671	1565383594.163905
671	1565383594.2643976
671	1565365595.0751872
671	1565383594.465558
671	1565383594.5662003
671	1565383594.6668632
671	1565383594.7676027
671	1565383594.8681645
671	1565383594.9688127
671	1565383595.0694587
671	1565383595.1701152
671	1565383595.2707584
671	1565383595.370199
671	1565383595.4707253
671	1565383595.571371
671	1565383595.6720026
671	1565383595.7726803
671	1565383595.8733466
671	1565383595.974171
671	1565383596.074706
671	1565383596.175305
671	1565383596.2759469
671	1565383596.3786113
671	1565383596.478985
671	1565383596.5797184
671	1565383596.6804326
671	1565383596.7809358
671	1565383596.8815827
671	1565383596.9822352
671	1565383597.082881
671	1565383597.183611
671	1565383597.2842638
671	1565383597.3827724
671	1565383597.483514
671	1565383597.5841537
671	1565383597.6848192
671	1565383597.785549
671	1565383597.8862095
671	1565383597.9867706
671	1565383598.087426
671	1565383598.1880655
671	1565383598.2887604
671	1565383598.3912358
671	1565383598.4920952
671	1565383598.592601
672	1565383598.6932483
671	1565383598.7941692
671	1565383598.894535
671	1565383598.9951663
671	1565383599.0959325
671	1565383599.1965044
671	1565383599.2971466
671	1565383599.3967044
671	1565383599.4973958
671	1565383599.5980525
671	1565383599.6988778
671	1565383599.7993572
671	1565383599.9000187
671	1565383600.0006654
671	1565383600.1013093
671	1565383600.2019522
671	1565383600.3027008
671	1565383600.403575
671	1565383600.5041559
671	1565383600.6048005
671	1565383600.7054534
671	1565383600.8061051
671	1565383600.9069207
671	1565383601.0076325
671	1565383601.1082191
671	1565383601.208787
671	1565383601.309304
671	1565383601.4119415
671	1565383601.5129647
671	1565383601.613496
671	1565383601.7140915
671	1565383601.8147533
671	1565383601.9153786
671	1565383602.0160255
671	1565383602.1166756
671	1565383602.2174053
672	1565383602.3179862
671	1565383602.4160078
671	1565383602.516656
672	1565383602.6172814
671	1565383602.7179477
671	1565383602.8187444
671	1565383602.91926
671	1565383603.0199072
671	1565383603.1205544
671	1565383603.2285256
672	1565383603.32186
672	1565383603.4228892
672	1565383603.5234468
672	1565383603.6241112
672	1565383603.7247658
672	1565383603.8254094
672	1565383603.9260533
672	1565383604.026804
672	1565383604.1273568
672	1565383604.2280002
672	1565383604.32866
672	1565383604.4286556
672	1565383604.5293117
672	1565383604.6301124
672	1565383604.7307081
672	1565383604.8312423
672	1565383604.9319022
672	1565383605.032561
672	1565383605.133212
672	1565383605.233965
672	1565383605.334726
672	1565383605.4362898
672	1565383605.5369508
672	1565383605.637601
672	1565383605.7382493
672	1565383605.8389895
672	1565383605.9396756
672	1565383606.040198
672	1565383606.1408527
672	1565383606.2415054
672	1565365607.069462
672	1565383606.4414897
672	1565383606.5421374
672	1565383606.6427188
672	1565383606.743365
672	1565383606.8440187
672	1565383606.944655
672	1565383607.045311
672	1565383607.146059
672	1565383607.2466245
672	1565365608.0685475
672	1565383607.449368
672	1565383607.5500154
672	1565383607.6506047
672	1565383607.7513967
672	1565383607.8519545
672	1565383607.9526024
672	1565383608.0532513
672	1565383608.153911
672	1565383608.254564
672	1565365609.0677984
672	1565383608.4553058
672	1565383608.5559475
672	1565383608.656606
672	1565383608.7572644
672	1565383608.857908
672	1565383608.9586506
672	1565383609.05934
672	1565383609.159864
672	1565383609.2605205
672	1565365610.074421
672	1565383609.4627342
672	1565383609.5634596
672	1565383609.664234
672	1565383609.7646766
672	1565383609.865344
672	1565383609.9659822
672	1565383610.066626
672	1565383610.1674466
672	1565383610.2680044
672	1565365611.0786843
672	1565383610.469684
672	1565383610.5703282
672	1565383610.6709707
672	1565383610.7717028
672	1565383610.8724334
672	1565383610.9729395
672	1565383611.073597
672	1565383611.1742449
672	1565383611.2749023
672	1565383611.3730917
672	1565383611.473985
672	1565383611.5745401
672	1565383611.6751838
672	1565383611.7758272
672	1565383611.876495
672	1565383611.9771476
672	1565383612.0778763
672	1565383612.1784427
672	1565383612.2790775
672	1565383612.381463
672	1565383612.4822288
672	1565383612.5828848
672	1565383612.683622
672	1565383612.7841809
672	1565383612.8848443
672	1565383612.9854987
672	1565383613.0861557
672	1565383613.1868029
672	1565383613.287609
672	1565383613.393642
672	1565383613.4942825
672	1565383613.59494
672	1565383613.6955879
672	1565383613.796235
672	1565383613.8969812
672	1565383613.997673
672	1565383614.0981932
672	1565383614.198843
672	1565383614.299489
672	1565383614.3939826
672	1565383614.494861
672	1565383614.5954201
672	1565383614.6959894
672	1565383614.7966359
672	1565383614.8973022
672	1565383614.9979424
672	1565383615.0986865
672	1565383615.1994085
673	1565383615.2999115
672	1565383615.4011958
673	1565383615.5018618
672	1565383615.6025128
672	1565383615.7031536
673	1565383615.803902
672	1565383615.9044669
672	1565383616.005116
673	1565383616.105763
673	1565383616.206406
673	1565383616.3070574
673	1565383616.406935
673	1565383616.5077012
673	1565383616.6081455
673	1565383616.7088048
673	1565383616.8094501
673	1565383616.910111
673	1565383617.0108485
673	1565383617.1114087
673	1565383617.2120602
673	1565383617.3127146
673	1565383617.4151342
673	1565383617.5157719
673	1565383617.6165166
673	1565383617.7171829
673	1565383617.817738
673	1565383617.918376
673	1565383618.0190287
673	1565383618.1196752
673	1565383618.2205007
673	1565383618.32106
673	1565383618.4205842
673	1565383618.521221
673	1565383618.621875
673	1565383618.7225342
673	1565383618.8232846
673	1565383618.923993
673	1565383619.0244975
673	1565383619.125146
673	1565383619.2257936
673	1565383619.3264415
673	1565383619.4275084
673	1565383619.5282161
673	1565383619.6287289
673	1565383619.7293744
673	1565383619.8300242
673	1565383619.9306748
673	1565383620.0313268
673	1565383620.132048
673	1565383620.232637
673	1565383620.3332775
673	1565383620.4331043
673	1565383620.5337691
673	1565383620.634406
673	1565383620.7351627
673	1565383620.8357127
673	1565383620.936371
673	1565383621.0370293
673	1565383621.1376734
673	1565383621.2383683
673	1565365622.0687568
673	1565383621.4395084
673	1565383621.5401657
673	1565383621.6408076
673	1565383621.741455
673	1565383621.8421009
673	1565383621.9428616
673	1565383622.0435123
673	1565383622.1440606
673	1565383622.2447116
673	1565365623.0668733
673	1565383622.4466486
673	1565383622.547472
673	1565383622.6480243
673	1565383622.7486157
673	1565383622.849268
673	1565383622.949902
673	1565383623.0505602
673	1565383623.151379
673	1565383623.2519295
673	1565365624.0648594
673	1565383623.4517102
673	1565383623.5523617
673	1565383623.6530116
673	1565383623.7537303
673	1565383623.8544512
673	1565383623.954957
673	1565383624.0556152
673	1565383624.1562588
673	1565383624.2569036
673	1565365625.0709257
673	1565383624.4587436
673	1565383624.5592792
673	1565383624.659939
673	1565383624.7605937
673	1565383624.8612463
673	1565383624.9618921
673	1565383625.0626347
673	1565383625.1631908
673	1565383625.2638333
673	1565365626.0782094
673	1565383625.4660504
673	1565383625.566692
673	1565383625.667512
673	1565383625.7679935
673	1565383625.8686378
673	1565383625.9692953
673	1565383626.069947
673	1565383626.170601
673	1565383626.2713423
673	1565383626.3711188
673	1565383626.4717386
673	1565383626.5724027
673	1565383626.6730485
673	1565383626.7737012
673	1565383626.874448
673	1565383626.975055
673	1565383627.0756423
673	1565383627.176279
673	1565383627.2769568
673	1565383627.3768547
673	1565383627.4777474
673	1565383627.5783565
673	1565383627.678945
673	1565383627.7795978
673	1565383627.8802483
673	1565383627.9808977
673	1565383628.0816944
673	1565383628.1822753
673	1565383628.282864
673	1565383628.3849936
673	1565383628.4857662
673	1565383628.5864477
673	1565383628.6870918
673	1565383628.7878137
673	1565383628.8883967
673	1565383628.98905
673	1565383629.0897079
673	1565383629.1903555
673	1565383629.2909956
673	1565383629.3903189
673	1565383629.4908369
673	1565383629.5914812
673	1565383629.6921213
673	1565383629.79291
673	1565383629.89344
673	1565383629.994176
673	1565383630.0947351
673	1565383630.195395
673	1565383630.296043
673	1565383630.3975198
673	1565383630.4982026
673	1565383630.5989401
673	1565383630.6994894
673	1565383630.8001404
673	1565383630.9007897
673	1565383631.001449
673	1565383631.102098
673	1565383631.2028425
673	1565383631.30346
673	1565383631.4030626
673	1565383631.5038886
673	1565383631.604524
673	1565383631.7051425
673	1565383631.8057349
673	1565383631.9062893
673	1565383632.0070913
673	1565383632.107618
673	1565383632.2082603
673	1565383632.3089259
673	1565383632.4107
673	1565383632.511403
673	1565383632.611917
673	1565383632.7125578
673	1565383632.8132114
673	1565383632.913858
673	1565383633.0144906
673	1565383633.1152463
673	1565383633.2158377
673	1565383633.3164628
673	1565383633.4172964
673	1565383633.517945
673	1565383633.6186147
673	1565383633.7193372
673	1565383633.819902
673	1565383633.920561
673	1565383634.0212126
673	1565383634.1218617
673	1565383634.2225268
673	1565383634.323335
673	1565383634.4224699
673	1565383634.5231273
673	1565383634.623779
673	1565383634.7244422
673	1565383634.825089
673	1565383634.9259028
673	1565383635.0263774
673	1565383635.1270335
673	1565383635.2276914
673	1565383635.3283477
673	1565383635.4294727
673	1565383635.5302806
673	1565383635.6308482
673	1565383635.7314332
673	1565383635.832075
673	1565383635.932744
673	1565383636.033389
673	1565383636.1342247
673	1565383636.2347732
673	1565383636.3359206
673	1565383636.4373872
673	1565383636.5380342
673	1565383636.6386802
673	1565383636.7394905
673	1565383636.8400626
673	1565383636.9406452
673	1565383637.0412896
673	1565383637.1419387
673	1565383637.2425869
673	1565365638.0683115
673	1565383637.4436266
673	1565383637.5441768
673	1565383637.6448233
673	1565383637.745487
673	1565383637.8461332
673	1565383637.9467957
673	1565383638.047533
673	1565383638.1480956
673	1565383638.248739
673	1565365639.0711393
673	1565383638.4499373
673	1565383638.5505826
673	1565383638.651394
673	1565383638.751883
673	1565383638.8525255
673	1565383638.953187
673	1565383639.0538387
673	1565383639.1544838
673	1565383639.255531
673	1565365640.0691104
673	1565383639.456295
673	1565383639.5569403
673	1565383639.657587
673	1565383639.7582498
673	1565383639.8590662
673	1565383639.9596214
673	1565383640.0602014
673	1565383640.16086
673	1565383640.261499
673	1565365641.0746758
673	1565383640.4630234
673	1565383640.5637343
673	1565383640.664245
673	1565383640.7648964
673	1565383640.8655407
673	1565383640.966188
673	1565383641.067048
673	1565383641.1675699
673	1565383641.268149
673	1565365642.08169
673	1565383641.4724543
673	1565383641.5731103
673	1565383641.6738453
673	1565383641.7745643
673	1565383641.8750677
673	1565383641.975717
673	1565383642.0763624
673	1565383642.1770258
673	1565383642.2776775
673	1565383642.3755965
673	1565383642.4762485
673	1565383642.576892
673	1565383642.6775515
673	1565383642.778371
673	1565383642.8790028
673	1565383642.9797297
673	1565383643.0801609
673	1565383643.1806755
673	1565383643.2815561
673	1565383643.382717
673	1565383643.4834914
673	1565383643.5842512
673	1565383643.6848173
673	1565383643.7854688
673	1565383643.8861294
673	1565383643.9867783
673	1565383644.0874488
674	1565383644.1882403
674	1565383644.2887907
674	1565383644.3984814
674	1565383644.4958007
674	1565383644.5964508
673	1565383644.6972532
673	1565383644.797832
673	1565383644.8984659
673	1565383644.9990447
673	1565383645.099705
673	1565383645.2003593
673	1565383645.3009982
673	1565383645.3949108
673	1565383645.4957976
673	1565383645.5963724
673	1565383645.6970263
673	1565383645.797662
673	1565383645.898329
673	1565383645.9990532
673	1565383646.0997052
673	1565383646.2002783
673	1565383646.3009243
673	1565383646.4023552
673	1565383646.5030305
673	1565383646.603675
673	1565383646.7044804
673	1565383646.8049722
673	1565383646.9056208
673	1565383647.006283
673	1565383647.1069252
673	1565383647.20758
673	1565383647.3083203
673	1565383647.4068599
673	1565383647.5075052
673	1565383647.6081662
673	1565383647.7088068
673	1565383647.8094552
673	1565383647.9103217
673	1565383648.0107613
673	1565383648.1114054
673	1565383648.2120426
673	1565383648.3127055
673	1565383648.414172
673	1565383648.5148754
673	1565383648.615496
673	1565383648.7160702
673	1565383648.8167307
673	1565383648.917387
673	1565383649.0180829
673	1565383649.1188443
673	1565383649.2194157
673	1565383649.3200004
673	1565383649.4207313
673	1565383649.5213733
673	1565383649.62203
673	1565383649.7227697
673	1565383649.823398
673	1565383649.9239776
673	1565383650.0246258
673	1565383650.125273
673	1565383650.22594
673	1565383650.3267326
673	1565383650.4275997
673	1565383650.5282044
673	1565383650.6288188
673	1565383650.7294607
673	1565383650.8301237
673	1565383650.930772
673	1565383651.0315013
673	1565383651.1320686
673	1565383651.2327192
673	1565383651.33338
673	1565383651.4331193
673	1565383651.5337553
673	1565383651.6344888
673	1565383651.735047
673	1565383651.8357062
673	1565383651.936344
673	1565383652.0370135
673	1565383652.137662
673	1565383652.2384737
673	1565365653.0674956
673	1565383652.4435625
673	1565383652.544262
673	1565383652.644928
673	1565383652.7455761
673	1565383652.8463972
673	1565383652.9469364
673	1565383653.0475373
673	1565383653.148195
673	1565383653.2488434
673	1565365654.065055
673	1565383653.4466856
673	1565383653.5473323
673	1565383653.6478505
673	1565383653.7484946
673	1565383653.8491404
674	1565383653.9498007
674	1565383654.0506113
674	1565383654.151181
674	1565383654.2516158
674	1565365655.0673363
674	1565383654.4534676
674	1565383654.5541468
674	1565383654.6548889
674	1565383654.7555993
674	1565383654.856092
674	1565383654.9567564
674	1565383655.057409
674	1565383655.1580565
674	1565383655.2586977
674	1565365656.0716965
674	1565383655.4598744
674	1565383655.5605228
674	1565383655.661179
674	1565383655.7618206
674	1565383655.8624902
674	1565383655.9632137
674	1565383656.0637755
674	1565383656.1644323
674	1565383656.265072
674	1565365657.0768247
674	1565383656.4672828
674	1565383656.568056
674	1565383656.6685767
674	1565383656.7690296
674	1565383656.8698933
674	1565383656.9705563
674	1565383657.071195
674	1565383657.1720357
674	1565383657.272564
674	1565383657.3715405
674	1565383657.472346
674	1565383657.572993
674	1565383657.6736338
674	1565383657.77439
674	1565383657.8750222
674	1565383657.9755983
674	1565383658.0761373
674	1565383658.1768675
674	1565383658.2775328
674	1565383658.3778267
674	1565383658.478705
674	1565383658.5792775
674	1565383658.6799228
674	1565383658.7805808
674	1565383658.8812299
674	1565383658.9819589
674	1565383659.0826077
674	1565383659.1831946
674	1565383659.2838402
674	1565383659.383899
674	1565383659.4846115
674	1565383659.5852704
674	1565383659.6860087
674	1565383659.7865634
674	1565383659.8872168
674	1565383659.9878592
674	1565383660.08852
674	1565383660.1891444
674	1565383660.2899127
674	1565383660.3916423
674	1565383660.4921803
674	1565383660.5928454
673	1565383660.6935005
673	1565383660.7941217
673	1565383660.894903
673	1565383660.99547
673	1565383661.096113
673	1565383661.1967642
673	1565383661.2974079
673	1565383661.3967571
673	1565383661.4975462
673	1565383661.5982203
673	1565383661.6987686
673	1565383661.7994134
673	1565383661.9000683
672	1565383662.0007083
672	1565383662.1015296
672	1565383662.2020676
672	1565383662.302659
672	1565383662.4048693
672	1565383662.5055258
672	1565383662.606187
672	1565383662.7069912
671	1565383662.8078985
671	1565383662.908137
671	1565383663.0087917
670	1565383663.1094353
669	1565383663.2100635
668	1565383663.3108323
668	1565383663.4111679
667	1565383663.5117311
666	1565383663.6123872
663	1565383663.7130291
665	1565383663.8136954
665	1565383663.9143388
665	1565383664.015074
665	1565383664.115638
665	1565383664.216245
666	1565383664.316943
666	1565383664.4166994
666	1565383664.5173447
666	1565383664.618173
666	1565383664.7186618
666	1565383664.8193212
666	1565383664.9199693
665	1565383665.0206199
664	1565383665.1212592
662	1565383665.222012
661	1565383665.3225622
660	1565383665.423977
659	1565383665.524642
659	1565383665.6252875
658	1565383665.725915
657	1565383665.8266852
657	1565383665.9272969
657	1565383666.027884
657	1565383666.1285403
657	1565383666.229197
656	1565383666.3298407
656	1565383666.4304523
656	1565383666.5310762
656	1565383666.631669
656	1565383666.7323103
656	1565383666.8329573
656	1565383666.9336119
656	1565383667.0343509
656	1565383667.1349962
656	1565383667.235565
657	1565383667.3367257
657	1565383667.4376383
657	1565383667.5382955
658	1565383667.6390288
657	1565383667.7396653
658	1565383667.8402376
658	1565383667.9408882
657	1565383668.0415554
655	1565383668.1421995
657	1565383668.2428446
657	1565383668.3436491
657	1565383668.4433303
658	1565383668.5439878
658	1565383668.644634
658	1565383668.745292
658	1565383668.8459358
658	1565383668.9466674
658	1565383669.047241
658	1565383669.1478844
658	1565383669.248527
658	1565365670.0685318
658	1565383669.4496107
659	1565383669.5503602
659	1565383669.6509163
659	1565383669.751659
659	1565383669.8522084
659	1565383669.9528654
659	1565383670.053522
659	1565383670.154332
658	1565383670.2549336
659	1565365671.0669355
658	1565383670.4567478
658	1565383670.5573862
658	1565383670.6580396
658	1565383670.7588718
657	1565383670.8594182
657	1565383670.960004
656	1565383671.0606532
655	1565383671.1612935
655	1565383671.2619522
655	1565365672.0762022
655	1565383671.46383
655	1565383671.564395
656	1565383671.6650426
658	1565383671.7656903
662	1565383671.866355
666	1565383671.967127
670	1565383672.0677662
671	1565383672.1682909
671	1565383672.268948
672	1565365673.0821004
673	1565383672.470597
673	1565383672.5712466
673	1565383672.6719732
673	1565383672.7725377
673	1565383672.8731883
673	1565383672.9738343
673	1565383673.0744803
673	1565383673.1751478
673	1565383673.275883
673	1565383673.3762443
673	1565383673.4769127
673	1565383673.5775673
673	1565383673.6782146
673	1565383673.7788813
673	1565383673.8796937
673	1565383673.9801724
673	1565383674.0808337
673	1565383674.1814685
673	1565383674.2821436
673	1565383674.3836315
673	1565383674.484242
673	1565383674.5848014
673	1565383674.6854608
673	1565383674.7861023
673	1565383674.8867466
673	1565383674.987405
673	1565383675.0882292
673	1565383675.1887798
673	1565383675.289133
673	1565383675.3875399
673	1565383675.4883327
673	1565383675.5889792
673	1565383675.6897357
673	1565383675.7904298
673	1565383675.8909323
673	1565383675.9915838
673	1565383676.0922396
673	1565383676.1928995
673	1565383676.2936625
673	1565383676.3957973
673	1565383676.4961045
673	1565383676.5967565
673	1565383676.697411
673	1565383676.7980492
672	1565383676.898701
672	1565383676.9995103
672	1565383677.1001694
672	1565383677.2008164
672	1565383677.3014219
672	1565383677.4021368
672	1565383677.5026214
672	1565383677.6035898
672	1565383677.7041025
672	1565383677.8047535
672	1565383677.9053953
672	1565383678.0060582
672	1565383678.1067069
672	1565383678.207481
672	1565383678.3080232
672	1565383678.4101088
672	1565383678.5107436
672	1565383678.611396
672	1565383678.7120435
672	1565383678.8127868
672	1565383678.9133525
672	1565383679.014001
673	1565383679.114644
673	1565383679.2152998
673	1565383679.315949
673	1565383679.4145093
673	1565383679.5151927
673	1565383679.6157246
673	1565383679.7163663
673	1565383679.81703
673	1565383679.9176757
673	1565383680.018428
673	1565383680.1190672
673	1565383680.2196326
673	1565383680.3202512
673	1565383680.421153
673	1565383680.5217927
673	1565383680.6225245
673	1565383680.7242408
673	1565383680.8237474
673	1565383680.9244044
673	1565383681.0250442
673	1565383681.1256914
673	1565383681.2264857
673	1565383681.3270838
673	1565383681.4268448
673	1565383681.5274925
673	1565383681.6281376
673	1565383681.7287977
673	1565383681.8294578
673	1565383681.93026
673	1565383682.0307753
673	1565383682.1314218
673	1565383682.2320764
673	1565383682.3327184
673	1565383682.4348702
673	1565383682.535692
673	1565383682.6361659
673	1565383682.7368276
673	1565383682.8374727
673	1565383682.9381146
673	1565383683.0387716
673	1565383683.1395893
673	1565383683.2400706
673	1565365684.0684702
673	1565383683.440542
673	1565383683.541195
673	1565383683.6418438
673	1565383683.7426069
673	1565383683.8432615
673	1565383683.9438064
673	1565383684.0444512
673	1565383684.1450982
673	1565383684.2457492
673	1565365685.0707376
673	1565383684.4481037
673	1565383684.548662
673	1565383684.6493065
673	1565383684.749957
673	1565383684.850602
673	1565383684.9513478
673	1565383685.0519874
673	1565383685.152561
673	1565383685.2532115
673	1565365686.0665076
673	1565383685.4526715
673	1565383685.5533128
673	1565383685.6541154
673	1565383685.754613
673	1565383685.8552725
673	1565383685.9559333
673	1565383686.0565765
673	1565383686.157221
673	1565383686.2579522
673	1565365687.0717635
673	1565383686.4602797
673	1565383686.5609248
673	1565383686.661574
673	1565383686.7622173
673	1565383686.8630364
673	1565383686.9635139
673	1565383687.0641592
673	1565383687.1648192
673	1565383687.2654696
673	1565383687.36751
673	1565383687.4660516
673	1565383687.5666008
673	1565383687.6672633
673	1565383687.7679045
673	1565383687.8685548
673	1565383687.9692101
673	1565383688.070031
673	1565383688.1705825
673	1565383688.271159
673	1565365689.0832794
673	1565383688.4733303
673	1565383688.573977
673	1565383688.6748042
673	1565383688.7755234
673	1565383688.8760753
673	1565383688.9766974
673	1565383689.0772045
673	1565383689.1777124
673	1565383689.2787719
673	1565383689.3803487
673	1565383689.480956
673	1565383689.5816026
673	1565383689.682249
673	1565383689.7828884
673	1565383689.8835545
673	1565383689.9843018
673	1565383690.0848572
673	1565383690.1855114
673	1565383690.2861726
673	1565383690.3865228
673	1565383690.4872816
673	1565383690.5880117
673	1565383690.6885905
673	1565383690.789234
673	1565383690.8898752
673	1565383690.9905386
673	1565383691.091184
673	1565383691.1920042
673	1565383691.2925074
673	1565383691.3939257
673	1565383691.4945385
673	1565383691.5951898
673	1565383691.6958365
673	1565383691.7965631
673	1565383691.8971457
673	1565383691.9978385
673	1565383692.0984495
673	1565383692.1990972
673	1565383692.2997382
673	1565383692.3994372
673	1565383692.5001667
673	1565383692.6006436
673	1565383692.7013333
673	1565383692.8019378
673	1565383692.9025965
673	1565383693.0034175
673	1565383693.1039681
672	1565383693.204539
672	1565383693.3051932
672	1565383693.404396
672	1565383693.505103
671	1565383693.6058023
671	1565383693.7065089
671	1565383693.8070147
671	1565383693.907652
673	1565383694.0083115
670	1565383694.1089513
670	1565383694.209693
669	1565383694.3104086
669	1565383694.4132657
670	1565383694.513919
670	1565383694.6145658
670	1565383694.7152069
670	1565383694.8158696
670	1565383694.9166021
670	1565383695.0171702
670	1565383695.1178737
670	1565383695.2184792
670	1565383695.3191347
670	1565383695.4178665
670	1565383695.5185966
670	1565383695.6191673
670	1565383695.7198143
670	1565383695.8204696
670	1565383695.921112
671	1565383696.0217538
671	1565383696.1225224
671	1565383696.223077
671	1565383696.3237205
671	1565383696.4252293
671	1565383696.525863
671	1565383696.6265194
671	1565383696.7273467
671	1565383696.8278966
671	1565383696.9284778
671	1565383697.0291212
671	1565383697.1297855
672	1565383697.2304347
671	1565383697.331186
672	1565383697.430533
672	1565383697.5311072
672	1565383697.631748
672	1565383697.7324076
672	1565383697.8330524
672	1565383697.9338713
672	1565383698.0344288
672	1565383698.135006
672	1565383698.2356565
672	1565383698.336823
672	1565383698.4381175
672	1565383698.538847
672	1565383698.6395047
672	1565383698.7400868
672	1565383698.840718
672	1565383698.9413838
672	1565383699.0420465
672	1565383699.1426933
671	1565383699.2435315
670	1565365700.0684252
669	1565383699.4444752
667	1565383699.545105
663	1565383699.6457746
659	1565383699.7464218
656	1565383699.847165
654	1565383699.947727
653	1565383700.048381
653	1565383700.1490285
654	1565383700.249667
656	1565365701.0685089
660	1565383700.451621
663	1565383700.5521736
666	1565383700.65282
668	1565383700.7534606
670	1565383700.8541098
671	1565383700.9547703
671	1565383701.0555134
671	1565383701.1561437
671	1565383701.2567286
672	1565365702.0697992
672	1565383701.4575484
672	1565383701.5582066
672	1565383701.6589408
672	1565383701.7595642
672	1565383701.8601549
672	1565383701.9608023
672	1565383702.0614567
672	1565383702.1620982
672	1565383702.2628353
672	1565383702.363477
672	1565383702.463888
672	1565383702.564537
671	1565383702.665183
671	1565383702.7658482
671	1565383702.8666487
670	1565383702.967234
668	1565383703.0678174
669	1565383703.1684597
668	1565383703.2691092
669	1565365704.0826561
669	1565383703.469496
669	1565383703.57025
669	1565383703.670827
669	1565383703.7714715
669	1565383703.8720973
669	1565383703.9727683
669	1565383704.073421
669	1565383704.174227
668	1565383704.2747195
668	1565383704.3763525
668	1565383704.4768279
668	1565383704.5774748
668	1565383704.678126
668	1565383704.7788746
668	1565383704.879435
668	1565383704.9800959
668	1565383705.0807476
668	1565383705.181391
668	1565383705.282012
668	1565383705.3826418
668	1565383705.483235
668	1565383705.583831
668	1565383705.6844757
668	1565383705.7851188
667	1565383705.8857737
668	1565383705.9865072
667	1565383706.0872223
667	1565383706.187726
668	1565383706.2883768
668	1565383706.3889687
668	1565383706.4897602
668	1565383706.5905056
668	1565383706.6912682
668	1565383706.7920485
668	1565383706.8923903
668	1565383706.9930353
668	1565383707.0937293
668	1565383707.1944
668	1565383707.295062
668	1565383707.3994856
668	1565383707.5002043
668	1565383707.600851
668	1565383707.7015028
668	1565383707.8021512
668	1565383707.902883
668	1565383708.0034497
668	1565383708.104067
668	1565383708.2073524
668	1565383708.3054109
669	1565383708.4031463
669	1565383708.503967
669	1565383708.6044505
669	1565383708.7051082
669	1565383708.8057642
669	1565383708.906416
669	1565383709.0070667
669	1565383709.107878
669	1565383709.208358
669	1565383709.309024
669	1565383709.408622
669	1565383709.5092704
669	1565383709.609912
669	1565383709.7107322
669	1565383709.8112884
669	1565383709.911902
669	1565383710.0125241
669	1565383710.1131668
669	1565383710.2138216
669	1565383710.31484
669	1565383710.4154813
669	1565383710.516073
669	1565383710.6167095
669	1565383710.7173738
669	1565383710.8180227
669	1565383710.9187698
669	1565383711.0193994
669	1565383711.119968
669	1565383711.2205951
669	1565383711.3212655
669	1565383711.42199
669	1565383711.522927
669	1565383711.6233568
669	1565383711.7239242
669	1565383711.824574
669	1565383711.925223
669	1565383712.0258873
669	1565383712.1265345
669	1565383712.2273288
668	1565383712.3278403
668	1565383712.4284394
669	1565383712.5291007
669	1565383712.6297476
669	1565383712.730399
669	1565383712.8311312
669	1565383712.931697
669	1565383713.0323548
669	1565383713.1330051
669	1565383713.2338474
669	1565383713.334293
670	1565383713.4355445
670	1565383713.536118
670	1565383713.6367586
670	1565383713.7374382
670	1565383713.838042
670	1565383713.9387054
671	1565383714.0394595
671	1565383714.1401615
670	1565383714.240658
670	1565383714.341293
670	1565383714.4409628
670	1565383714.5416203
670	1565383714.6423721
670	1565383714.7430365
670	1565383714.843565
670	1565383714.9442086
670	1565383715.0448723
671	1565383715.1455321
671	1565383715.246338
671	1565365716.0645795
671	1565383715.447138
671	1565383715.5477915
671	1565383715.6484375
670	1565383715.7490788
669	1565383715.8498342
668	1565383715.9505386
667	1565383716.0510502
665	1565383716.151703
664	1565383716.2523513
662	1565365717.0676212
658	1565383716.4571013
658	1565383716.557891
658	1565383716.6583931
659	1565383716.7590582
659	1565383716.8597012
659	1565383716.9603481
659	1565383717.0609999
658	1565383717.161737
657	1565383717.2623045
656	1565365718.07292
656	1565383717.460447
656	1565383717.5610893
656	1565383717.6617413
655	1565383717.7625678
654	1565383717.8630533
654	1565383717.9637349
654	1565383718.0643413
654	1565383718.1650012
653	1565383718.2656603
652	1565365719.0786545
651	1565383718.4665368
652	1565383718.5671809
653	1565383718.6678274
654	1565383718.7684844
655	1565383718.8691266
655	1565383718.9698884
655	1565383719.070569
655	1565383719.1710808
655	1565383719.271729
655	1565383719.3775673
655	1565383719.475357
655	1565383719.576088
654	1565383719.6767385
654	1565383719.7773182
653	1565383719.8779569
652	1565383719.978625
649	1565383720.079272
648	1565383720.180015
648	1565383720.2807243
649	1565383720.380516
649	1565383720.4813583
649	1565383720.5819297
649	1565383720.6826088
649	1565383720.7834928
649	1565383720.8841205
649	1565383720.9847274
649	1565383721.0852242
650	1565383721.1857378
653	1565383721.286616
657	1565383721.3866491
656	1565383721.4875367
657	1565383721.5881042
656	1565383721.6887534
656	1565383721.789399
656	1565383721.8900259
656	1565383721.9906917
656	1565383722.0914342
656	1565383722.192015
656	1565383722.2926784
656	1565383722.3925602
656	1565383722.4933522
656	1565383722.5939972
655	1565383722.6947405
654	1565383722.79539
655	1565383722.8959575
656	1565383722.996611
658	1565383723.0972252
661	1565383723.1978977
662	1565383723.2986362
663	1565383723.3991241
664	1565383723.4997153
665	1565383723.6003697
667	1565383723.7010078
667	1565383723.8016665
668	1565383723.9025004
668	1565383724.0030558
669	1565383724.103633
669	1565383724.2042885
669	1565383724.3049405
670	1565383724.4076169
670	1565383724.5084133
670	1565383724.608991
670	1565383724.7095609
670	1565383724.8102221
670	1565383724.91087
670	1565383725.0115216
670	1565383725.1121671
670	1565383725.212967
670	1565383725.3134775
670	1565383725.4125793
670	1565383725.5132182
670	1565383725.6138685
670	1565383725.7145205
670	1565383725.8152583
670	1565383725.9158266
670	1565383726.0164874
670	1565383726.1171312
669	1565383726.2177851
668	1565383726.3184376
664	1565383726.4190865
657	1565383726.5196521
650	1565383726.6202998
645	1565383726.7209585
643	1565383726.8215811
644	1565383726.922258
644	1565383727.023073
643	1565383727.1235943
643	1565383727.224218
643	1565383727.3248568
644	1565383727.4256604
644	1565383727.5263336
643	1565383727.6270905
642	1565383727.727774
642	1565383727.8283167
641	1565383727.9289677
640	1565383728.0296216
638	1565383728.130269
636	1565383728.231007
634	1565383728.3316476
629	1565383728.4318163
629	1565383728.5324519
629	1565383728.633107
627	1565383728.7337592
626	1565383728.8344922
625	1565383728.9351285
623	1565383729.0356998
622	1565383729.136349
621	1565383729.2369971
620	1565365730.064561
620	1565383729.4390543
620	1565383729.5396721
620	1565383729.6402507
614	1565383729.7409177
614	1565383729.84158
615	1565383729.9422622
617	1565383730.0429025
617	1565383730.1436408
617	1565383730.2442133
617	1565365731.0696
614	1565383730.445322
615	1565383730.545967
614	1565383730.6466327
615	1565383730.7473693
616	1565383730.8479364
617	1565383730.948587
618	1565383731.049238
621	1565383731.1499019
626	1565383731.2505643
630	1565365732.065041
637	1565383731.4507544
644	1565383731.5514038
628	1565383731.6520612
607	1565383731.7527173
594	1565383731.853368
574	1565383731.954193
568	1565383732.054683
568	1565383732.1553304
556	1565383732.2559817
544	1565365733.0690248
539	1565383732.4585807
536	1565383732.5593195
536	1565383732.659927
536	1565383732.7603261
534	1565383732.8614519
533	1565383732.9619951
533	1565383733.0625882
534	1565383733.1633162
534	1565383733.2637322
533	1565365734.076387
534	1565383733.4633682
534	1565383733.5641809
534	1565383733.664867
534	1565383733.7657003
533	1565383733.86627
540	1565383733.9668477
586	1565383734.0675051
653	1565383734.1681557
661	1565383734.26882
667	1565383734.3698454
668	1565383734.4702199
669	1565383734.57062
669	1565383734.671254
669	1565383734.7718894
670	1565383734.8725708
670	1565383734.9732108
670	1565383735.073964
670	1565383735.174534
671	1565383735.2751925
671	1565383735.377643
671	1565383735.4784117
671	1565383735.5790546
671	1565383735.6798375
672	1565383735.780366
672	1565383735.8810222
672	1565383735.9817586
672	1565383736.0823298
672	1565383736.182971
672	1565383736.283701
672	1565383736.3887389
672	1565383736.4893615
672	1565383736.590024
672	1565383736.690669
672	1565383736.7913156
672	1565383736.8920593
672	1565383736.992622
672	1565383737.093261
672	1565383737.1939275
672	1565383737.294566
672	1565383737.3890846
672	1565383737.4899907
672	1565383737.5906062
672	1565383737.6911798
672	1565383737.792122
672	1565383737.8924723
672	1565383737.9931347
672	1565383738.0938854
672	1565383738.1945758
672	1565383738.2950072
671	1565383738.396228
671	1565383738.4970334
670	1565383738.5976806
670	1565383738.698423
669	1565383738.7990506
669	1565383738.8996313
669	1565383739.0002809
669	1565383739.10094
669	1565383739.2015882
669	1565383739.3022058
669	1565383739.4024217
669	1565383739.5029755
669	1565383739.6036305
669	1565383739.7042854
669	1565383739.8049757
669	1565383739.905575
669	1565383740.0063925
669	1565383740.1068845
669	1565383740.2075248
669	1565383740.3081703
669	1565383740.4093041
669	1565383740.5099533
669	1565383740.6107574
669	1565383740.711245
669	1565383740.811887
669	1565383740.9125435
669	1565383741.0132108
669	1565383741.1138515
669	1565383741.2146728
669	1565383741.3151639
669	1565383741.4159732
669	1565383741.5166056
